0
2870
1983
1096
209
3079
2192
1305
418
3288
2401
1514
627
2610
1723
836
2819
1932
1045
158
3028
2141
1254
367
3237
2350
1463
576
2559
1672
785
2768
1881
994
107
2977
1203
316
3186
2299
1412
525
2508
1621
734
2717
1830
943
56
2926
2039
1152
265
3135
2248
1361
474
2457
1570
683
2666
1779
892
5
2875
1988
1101
214
3084
2197
1310
423
3293
2406
1519
632
2615
1728
841
2824
1937
1050
163
3033
2146
1259
372
3242
2355
581
2564
1677
790
2773
1886
999
112
2982
2095
1208
321
3191
2304
1417
530
2513
1626
739
2722
1835
948
61
2931
2044
1157
270
3140
2253
1366
479
2462
1575
688
2671
1784
897
10
2880
1993
1106
219
3089
2202
1315
428
3298
2411
1524
637
2620
1733
846
2829
1942
1055
168
3038
2151
1264
377
3247
2360
1473
586
2569
795
2778
1891
1004
117
2987
2100
1213
326
3196
2309
1422
535
2518
1631
744
2727
1840
953
66
2936
2049
1162
275
3145
2258
1371
484
2467
1580
693
2676
1789
902
15
2885
1998
1111
224
3094
2207
1320
433
3303
2416
1529
642
2625
1738
851
2834
1947
1060
173
3043
2156
1269
382
3252
2365
1478
591
2574
1687
800
2783
1009
122
2992
1218
331
3201
2314
1427
540
2523
1636
749
2732
1845
958
71
2941
2054
1167
280
3150
2263
1376
489
2472
1585
698
2681
1794
907
20
2890
2003
1116
229
3099
2212
1325
438
3308
2421
1534
647
2630
1743
856
2839
1952
1065
178
3048
2161
1274
387
3257
2370
596
2579
1692
805
2788
1901
1014
127
2997
2110
336
3206
2319
545
2528
1641
754
2737
1850
963
76
2946
2059
1172
285
3155
2268
1381
494
2477
1590
703
2686
1799
912
25
2895
2008
1121
234
3104
2217
1330
443
3313
2426
1539
652
2635
1748
861
2844
1957
1070
183
3053
2166
1279
392
3262
2375
1488
601
2584
1697
810
2793
1906
1019
132
3002
2115
1228
341
3211
2324
1437
550
2533
759
2742
1855
968
81
2951
2064
1177
290
3160
2273
1386
499
2482
1595
708
2691
1804
917
30
2900
2013
1126
239
3109
2222
1335
448
3318
2431
1544
657
2640
1753
866
2849
1962
1075
188
3058
2171
1284
397
3267
2380
1493
606
2589
1702
815
2798
1024
137
3007
1233
346
3216
2329
1442
555
2538
1651
764
2747
973
86
2956
2069
1182
295
3165
2278
1391
504
2487
1600
713
2696
1809
922
35
2905
2018
1131
244
3114
2227
1340
453
3323
2436
1549
662
2645
1758
871
2854
1967
1080
193
3063
2176
1289
402
3272
2385
1498
611
2594
1707
820
2803
1916
1029
142
3012
2125
1238
351
3221
2334
1447
560
2543
1656
769
2752
1865
978
91
2961
2074
1187
300
3170
2283
1396
509
2492
1605
718
2701
1814
927
40
2910
2023
1136
249
3119
2232
1345
458
3328
2441
1554
667
2650
1763
876
2859
1972
1085
198
3068
2181
1294
407
3277
2390
1503
616
2599
1712
825
2808
1921
1034
147
3017
2130
1243
356
3226
2339
1452
565
2548
1661
774
2757
1870
983
96
2966
2079
1192
305
3175
2288
1401
514
2497
1610
723
2706
1819
932
45
2915
2028
1141
254
3124
2237
1350
463
3333
2446
1559
672
2655
1768
881
2864
1977
1090
203
3073
2186
1299
412
3282
2395
1508
621
2604
1717
830
2813
1926
1039
152
3022
2135
1248
361
3231
2344
570
2553
1666
779
2762
1875
988
101
2971
2084
1197
310
3180
2293
1406
519
2502
1615
728
2711
1824
937
50
2920
2033
1146
259
3129
2242
1355
468
3338
2451
1564
677
2660
1773
886
2869
1982
1095
208
3078
2191
1304
417
3287
2400
1513
626
2609
1722
835
2818
1931
1044
157
3027
2140
1253
366
3236
2349
1462
575
2558
1671
784
2767
1880
993
106
2976
1202
315
3185
2298
1411
524
2507
1620
733
2716
1829
942
55
2925
2038
1151
264
3134
2247
1360
473
2456
1569
682
2665
1778
891
4
2874
1987
1100
213
3083
2196
1309
422
3292
2405
1518
631
2614
1727
840
2823
1936
1049
162
3032
2145
1258
371
3241
2354
1467
580
2563
1676
789
2772
998
111
2981
2094
1207
320
3190
2303
1416
529
2512
1625
738
2721
1834
947
60
2930
2043
1156
269
3139
2252
1365
478
2461
1574
687
2670
1783
896
9
2879
1992
1105
218
3088
2201
1314
427
3297
2410
1523
636
2619
1732
845
2828
1941
1054
167
3037
2150
1263
376
3246
2359
1472
585
2568
794
2777
1890
1003
116
2986
2099
1212
325
3195
2308
1421
534
2517
1630
743
2726
1839
952
65
2935
2048
1161
274
3144
2257
1370
483
2466
1579
692
2675
1788
901
14
2884
1997
1110
223
3093
2206
1319
432
3302
2415
1528
641
2624
1737
850
2833
1946
1059
172
3042
2155
1268
381
3251
2364
1477
590
2573
1686
799
2782
1895
1008
121
2991
1217
330
3200
2313
1426
539
2522
1635
748
2731
1844
957
70
2940
2053
1166
279
3149
2262
1375
488
2471
1584
697
2680
1793
906
19
2889
2002
1115
228
3098
2211
1324
437
3307
2420
1533
646
2629
1742
855
2838
1951
1064
177
3047
2160
1273
386
3256
2369
595
2578
1691
804
2787
1900
1013
126
2996
2109
335
3205
2318
544
2527
1640
753
2736
1849
962
75
2945
2058
1171
284
3154
2267
1380
493
2476
1589
702
2685
1798
911
24
2894
2007
1120
233
3103
2216
1329
442
3312
2425
1538
651
2634
1747
860
2843
1956
1069
182
3052
2165
1278
391
3261
2374
1487
600
2583
1696
809
2792
1905
1018
131
3001
2114
1227
340
3210
2323
1436
549
2532
1645
758
2741
1854
967
80
2950
2063
1176
289
3159
2272
1385
498
2481
1594
707
2690
1803
916
29
2899
2012
1125
238
3108
2221
1334
447
3317
2430
1543
656
2639
1752
865
2848
1961
1074
187
3057
2170
1283
396
3266
2379
1492
605
2588
1701
814
2797
1023
136
3006
1232
345
3215
2328
1441
554
2537
1650
763
2746
972
85
2955
2068
1181
294
3164
2277
1390
503
2486
1599
712
2695
1808
921
34
2904
2017
1130
243
3113
2226
1339
452
3322
2435
1548
661
2644
1757
870
2853
1966
1079
192
3062
2175
1288
401
3271
2384
1497
610
2593
1706
819
2802
1915
1028
141
3011
2124
350
3220
2333
1446
559
2542
1655
768
2751
1864
977
90
2960
2073
1186
299
3169
2282
1395
508
2491
1604
717
2700
1813
926
39
2909
2022
1135
248
3118
2231
1344
457
3327
2440
1553
666
2649
1762
875
2858
1971
1084
197
3067
2180
1293
406
3276
2389
1502
615
2598
1711
824
2807
1920
1033
146
3016
2129
1242
355
3225
2338
1451
564
2547
773
2756
1869
982
95
2965
2078
1191
304
3174
2287
1400
513
2496
1609
722
2705
1818
931
44
2914
2027
1140
253
3123
2236
1349
462
3332
2445
1558
671
2654
1767
880
2863
1976
1089
202
3072
2185
1298
411
3281
2394
1507
620
2603
1716
829
2812
1925
1038
151
3021
2134
1247
360
3230
2343
569
2552
1665
778
2761
1874
987
100
2970
2083
1196
309
3179
2292
1405
518
2501
1614
727
2710
1823
936
49
2919
2032
1145
258
3128
2241
1354
467
3337
2450
1563
676
2659
1772
885
2868
1981
1094
207
3077
2190
1303
416
3286
2399
1512
625
2608
1721
834
2817
1930
1043
156
3026
2139
365
3235
2348
1461
574
2557
1670
783
2766
1879
992
105
2975
2088
1201
314
3184
2297
1410
523
2506
1619
732
2715
1828
941
54
2924
2037
1150
263
3133
2246
1359
472
2455
1568
681
2664
1777
890
3
2873
1986
1099
212
3082
2195
1308
421
3291
2404
1517
630
2613
1726
839
2822
1935
1048
161
3031
2144
1257
370
3240
2353
1466
579
2562
1675
788
2771
997
110
2980
2093
1206
319
3189
2302
1415
528
2511
1624
737
2720
1833
946
59
2929
2042
1155
268
3138
2251
1364
477
2460
1573
686
2669
1782
895
8
2878
1991
1104
217
3087
2200
1313
426
3296
2409
1522
635
2618
1731
844
2827
1940
1053
166
3036
2149
1262
375
3245
2358
1471
584
2567
1680
793
2776
1889
1002
115
2985
2098
1211
324
3194
2307
1420
533
2516
1629
742
2725
1838
951
64
2934
2047
1160
273
3143
2256
1369
482
2465
1578
691
2674
1787
900
13
2883
1996
1109
222
3092
2205
1318
431
3301
2414
1527
640
2623
1736
849
2832
1945
1058
171
3041
2154
1267
380
3250
2363
1476
589
2572
1685
798
2781
1894
1007
120
2990
2103
1216
329
3199
2312
1425
538
2521
1634
747
2730
1843
956
69
2939
2052
1165
278
3148
2261
1374
487
2470
1583
696
2679
1792
905
18
2888
2001
1114
227
3097
2210
1323
436
3306
2419
1532
645
2628
1741
854
2837
1950
1063
176
3046
2159
1272
385
3255
2368
594
2577
1690
803
2786
1899
1012
125
2995
2108
334
3204
2317
543
2526
1639
752
2735
1848
961
74
2944
2057
1170
283
3153
2266
1379
492
2475
1588
701
2684
1797
910
23
2893
2006
1119
232
3102
2215
1328
441
3311
2424
1537
650
2633
1746
859
2842
1955
1068
181
3051
2164
1277
390
3260
2373
1486
599
2582
808
2791
1904
1017
130
3000
2113
1226
339
3209
2322
1435
548
2531
1644
757
2740
1853
966
79
2949
2062
1175
288
3158
2271
1384
497
2480
1593
706
2689
1802
915
28
2898
2011
1124
237
3107
2220
1333
446
3316
2429
1542
655
2638
1751
864
2847
1960
1073
186
3056
2169
1282
395
3265
2378
1491
604
2587
1700
813
2796
1022
135
3005
1231
344
3214
2327
1440
553
2536
1649
762
2745
971
84
2954
2067
1180
293
3163
2276
1389
502
2485
1598
711
2694
1807
920
33
2903
2016
1129
242
3112
2225
1338
451
3321
2434
1547
660
2643
1756
869
2852
1965
1078
191
3061
2174
1287
400
3270
2383
1496
609
2592
1705
818
2801
1914
1027
140
3010
2123
349
3219
2332
558
2541
1654
767
2750
1863
976
89
2959
2072
1185
298
3168
2281
1394
507
2490
1603
716
2699
1812
925
38
2908
2021
1134
247
3117
2230
1343
456
3326
2439
1552
665
2648
1761
874
2857
1970
1083
196
3066
2179
1292
405
3275
2388
1501
614
2597
1710
823
2806
1919
1032
145
3015
2128
1241
354
3224
2337
1450
563
2546
772
2755
1868
981
94
2964
2077
1190
303
3173
2286
1399
512
2495
1608
721
2704
1817
930
43
2913
2026
1139
252
3122
2235
1348
461
3331
2444
1557
670
2653
1766
879
2862
1975
1088
201
3071
2184
1297
410
3280
2393
1506
619
2602
1715
828
2811
1924
1037
150
3020
2133
1246
359
3229
2342
1455
568
2551
1664
777
2760
986
99
2969
2082
1195
308
3178
2291
1404
517
2500
1613
726
2709
1822
935
48
2918
2031
1144
257
3127
2240
1353
466
3336
2449
1562
675
2658
1771
884
2867
1980
1093
206
3076
2189
1302
415
3285
2398
1511
624
2607
1720
833
2816
1929
1042
155
3025
2138
364
3234
2347
1460
573
2556
1669
782
2765
1878
991
104
2974
2087
1200
313
3183
2296
1409
522
2505
1618
731
2714
1827
940
53
2923
2036
1149
262
3132
2245
1358
471
3341
2454
1567
680
2663
1776
889
2
2872
1985
1098
211
3081
2194
1307
420
3290
2403
1516
629
2612
1725
838
2821
1934
1047
160
3030
2143
1256
369
3239
2352
1465
578
2561
1674
787
2770
1883
996
109
2979
2092
1205
318
3188
2301
1414
527
2510
1623
736
2719
1832
945
58
2928
2041
1154
267
3137
2250
1363
476
2459
1572
685
2668
1781
894
7
2877
1990
1103
216
3086
2199
1312
425
3295
2408
1521
634
2617
1730
843
2826
1939
1052
165
3035
2148
1261
374
3244
2357
1470
583
2566
1679
792
2775
1888
1001
114
2984
2097
1210
323
3193
2306
1419
532
2515
1628
741
2724
1837
950
63
2933
2046
1159
272
3142
2255
1368
481
2464
1577
690
2673
1786
899
12
2882
1995
1108
221
3091
2204
1317
430
3300
2413
1526
639
2622
1735
848
2831
1944
1057
170
3040
2153
1266
379
3249
2362
1475
588
2571
1684
797
2780
1893
1006
119
2989
2102
1215
328
3198
2311
1424
537
2520
1633
746
2729
1842
955
68
2938
2051
1164
277
3147
2260
1373
486
2469
1582
695
2678
1791
904
17
2887
2000
1113
226
3096
2209
1322
435
3305
2418
1531
644
2627
1740
853
2836
1949
1062
175
3045
2158
1271
384
3254
2367
1480
593
2576
1689
802
2785
1898
1011
124
2994
2107
1220
333
3203
2316
1429
542
2525
1638
751
2734
1847
960
73
2943
2056
1169
282
3152
2265
1378
491
2474
1587
700
2683
1796
909
22
2892
2005
1118
231
3101
2214
1327
440
3310
2423
1536
649
2632
1745
858
2841
1954
1067
180
3050
2163
1276
389
3259
2372
1485
598
2581
807
2790
1903
1016
129
2999
2112
1225
338
3208
2321
1434
547
2530
1643
756
2739
1852
965
78
2948
2061
1174
287
3157
2270
1383
496
2479
1592
705
2688
1801
914
27
2897
2010
1123
236
3106
2219
1332
445
3315
2428
1541
654
2637
1750
863
2846
1959
1072
185
3055
2168
1281
394
3264
2377
1490
603
2586
1699
812
2795
1908
1021
134
3004
2117
1230
343
3213
2326
1439
552
2535
1648
761
2744
1857
970
83
2953
2066
1179
292
3162
2275
1388
501
2484
1597
710
2693
1806
919
32
2902
2015
1128
241
3111
2224
1337
450
3320
2433
1546
659
2642
1755
868
2851
1964
1077
190
3060
2173
1286
399
3269
2382
1495
608
2591
1704
817
2800
1913
1026
139
3009
2122
1235
348
3218
2331
557
2540
1653
766
2749
1862
975
88
2958
2071
1184
297
3167
2280
1393
506
2489
1602
715
2698
1811
924
37
2907
2020
1133
246
3116
2229
1342
455
3325
2438
1551
664
2647
1760
873
2856
1969
1082
195
3065
2178
1291
404
3274
2387
1500
613
2596
1709
822
2805
1918
1031
144
3014
2127
1240
353
3223
2336
1449
562
2545
1658
771
2754
1867
980
93
2963
2076
1189
302
3172
2285
1398
511
2494
1607
720
2703
1816
929
42
2912
2025
1138
251
3121
2234
1347
460
3330
2443
1556
669
2652
1765
878
2861
1974
1087
200
3070
2183
1296
409
3279
2392
1505
618
2601
1714
827
2810
1923
1036
149
3019
2132
1245
358
3228
2341
1454
567
2550
1663
776
2759
985
98
2968
2081
1194
307
3177
2290
1403
516
2499
1612
725
2708
1821
934
47
2917
2030
1143
256
3126
2239
1352
465
3335
2448
1561
674
2657
1770
883
2866
1979
1092
205
3075
2188
1301
414
3284
2397
1510
623
2606
1719
832
2815
1928
1041
154
3024
2137
363
3233
2346
1459
572
2555
1668
781
2764
1877
990
103
2973
2086
1199
312
3182
2295
1408
521
2504
1617
730
2713
1826
939
52
2922
2035
1148
261
3131
2244
1357
470
3340
2453
1566
679
2662
1775
888
1
2871
1984
1097
210
3080
2193
1306
419
3289
2402
1515
628
2611
1724
837
2820
1933
1046
159
3029
2142
1255
368
3238
2351
1464
577
2560
1673
786
2769
1882
995
108
2978
1204
317
3187
2300
1413
526
2509
1622
735
2718
1831
944
57
2927
2040
1153
266
3136
2249
1362
475
2458
1571
684
2667
1780
893
6
2876
1989
1102
215
3085
2198
1311
424
3294
2407
1520
633
2616
1729
842
2825
1938
1051
164
3034
2147
1260
373
3243
2356
582
2565
1678
791
2774
1887
1000
113
2983
2096
1209
322
3192
2305
1418
531
2514
1627
740
2723
1836
949
62
2932
2045
1158
271
3141
2254
1367
480
2463
1576
689
2672
1785
898
11
2881
1994
1107
220
3090
2203
1316
429
3299
2412
1525
638
2621
1734
847
2830
1943
1056
169
3039
2152
1265
378
3248
2361
1474
587
2570
1683
796
2779
1892
1005
118
2988
2101
1214
327
3197
2310
1423
536
2519
1632
745
2728
1841
954
67
2937
2050
1163
276
3146
2259
1372
485
2468
1581
694
2677
1790
903
16
2886
1999
1112
225
3095
2208
1321
434
3304
2417
1530
643
2626
1739
852
2835
1948
1061
174
3044
2157
1270
383
3253
2366
1479
592
2575
1688
801
2784
1010
123
2993
2106
1219
332
3202
2315
1428
541
2524
1637
750
2733
1846
959
72
2942
2055
1168
281
3151
2264
1377
490
2473
1586
699
2682
1795
908
21
2891
2004
1117
230
3100
2213
1326
439
3309
2422
1535
648
2631
1744
857
2840
1953
1066
179
3049
2162
1275
388
3258
2371
1484
597
2580
1693
806
2789
1902
1015
128
2998
2111
1224
337
3207
2320
1433
546
2529
1642
755
2738
1851
964
77
2947
2060
1173
286
3156
2269
1382
495
2478
1591
704
2687
1800
913
26
2896
2009
1122
235
3105
2218
1331
444
3314
2427
1540
653
2636
1749
862
2845
1958
1071
184
3054
2167
1280
393
3263
2376
1489
602
2585
1698
811
2794
1907
1020
133
3003
2116
1229
342
3212
2325
1438
551
2534
760
2743
1856
969
82
2952
2065
1178
291
3161
2274
1387
500
2483
1596
709
2692
1805
918
31
2901
2014
1127
240
3110
2223
1336
449
3319
2432
1545
658
2641
1754
867
2850
1963
1076
189
3059
2172
1285
398
3268
2381
1494
607
2590
1703
816
2799
1912
1025
138
3008
2121
1234
347
3217
2330
1443
556
2539
1652
765
2748
1861
974
87
2957
2070
1183
296
3166
2279
1392
505
2488
1601
714
2697
1810
923
36
2906
2019
1132
245
3115
2228
1341
454
3324
2437
1550
663
2646
1759
872
2855
1968
1081
194
3064
2177
1290
403
3273
2386
1499
612
2595
1708
821
2804
1917
1030
143
3013
2126
1239
352
3222
2335
1448
561
2544
1657
770
2753
1866
979
92
2962
2075
1188
301
3171
2284
1397
510
2493
1606
719
2702
1815
928
41
2911
2024
1137
250
3120
2233
1346
459
3329
2442
1555
668
2651
1764
877
2860
1973
1086
199
3069
2182
1295
408
3278
2391
1504
617
2600
1713
826
2809
1922
1035
148
3018
2131
1244
357
3227
2340
1453
566
2549
1662
775
2758
1871
984
97
2967
2080
1193
306
3176
2289
1402
515
2498
1611
724
2707
1820
933
46
2916
2029
1142
255
3125
2238
1351
464
3334
2447
1560
673
2656
1769
882
2865
1978
1091
204
3074
2187
1300
413
3283
2396
1509
622
2605
1718
831
2814
1927
1040
153
3023
2136
1249
362
3232
2345
1458
571
2554
1667
780
2763
1876
989
102
2972
2085
1198
311
3181
2294
1407
520
2503
1616
729
2712
1825
938
51
2921
2034
1147
260
3130
2243
1356
469
3339
2452
1565
678
2661
1774
887
