0
3209
2322
1983
3144
209
2531
1918
144
1579
2127
3288
79
2675
1788
901
14
3223
2336
2884
1997
3158
223
1110
1932
158
1319
2206
1867
93
2141
3302
915
28
3237
1463
2898
1124
237
3172
3107
2220
172
446
1333
720
3042
107
3316
2429
929
42
3251
3186
1138
525
2847
3121
186
1347
460
734
3056
121
3330
2443
1556
669
56
3265
330
2652
1765
3200
539
2861
3135
200
1361
135
2457
1570
683
70
3279
344
1505
2666
1779
892
5
2053
3214
1988
3149
214
2262
149
2471
84
3293
1519
2680
906
19
2067
3228
2889
2002
1115
2276
3163
228
1050
163
2211
437
98
3307
1259
1807
33
3242
2903
855
3177
1129
1064
177
1338
451
3112
2225
112
3321
1273
2434
660
1821
2982
47
3256
869
3191
3126
191
1352
465
2787
126
3335
2448
1561
674
2996
61
3270
2657
1770
3205
270
2592
1979
3140
205
479
1640
2801
140
1575
688
75
3284
2397
2671
1784
897
10
3219
284
2606
2880
1993
3154
219
1654
154
2202
89
3298
2411
911
24
3233
1185
2894
2007
3168
233
1120
1394
3103
2216
168
442
990
103
3312
38
1199
3247
1747
3182
1134
1408
795
3117
2230
1343
182
456
1891
1004
117
3326
2439
1552
665
52
3261
600
1761
2922
3196
809
3131
196
1357
131
3340
2453
1566
2727
679
405
66
3275
2662
1775
2936
614
888
1
3210
1984
3145
210
2532
145
419
1580
2741
80
3289
2676
1789
902
15
3224
2337
1450
2885
1998
3159
224
1111
2546
1933
2207
159
1594
2142
94
3303
29
3238
2351
2899
1125
238
3173
1947
3108
2221
1334
447
173
108
2156
2430
3317
930
43
3252
1139
3187
1687
3122
187
1348
461
735
3057
122
3331
2444
1557
670
944
57
3266
2653
1766
3201
540
1701
2862
3136
201
1362
749
3071
136
1571
684
71
3280
345
2667
1780
893
6
3215
554
2876
1989
3150
215
150
2472
85
3294
359
1520
2681
907
20
3229
2068
2890
2003
1116
3164
2277
229
164
2212
2486
438
99
3308
1534
2082
34
3243
2904
1130
2291
3178
1065
2226
1339
452
3113
178
113
3322
2435
1274
661
1822
48
3257
870
3192
3127
192
1079
1353
127
1288
3336
2449
1562
1836
2997
62
3271
675
2658
1771
884
3206
1980
3141
206
480
2802
141
1576
689
3011
76
3285
2672
1785
898
11
3220
285
2607
2881
1994
3155
220
494
2816
155
2203
90
3299
2412
912
25
3234
299
2621
2895
2008
3169
234
1121
3104
169
2217
443
1878
104
3313
2426
39
1200
3248
1474
2022
3183
1135
1409
3118
2231
1344
457
183
1005
118
3327
2440
1553
666
53
1214
3262
1762
3197
1423
810
3132
197
1358
1019
132
3341
2454
1567
680
67
3276
2663
1776
889
2
3211
2937
615
824
1985
3146
211
146
420
2742
81
3290
2677
1790
2951
629
3225
16
1451
903
2886
1999
1112
225
3160
2547
2208
160
434
1595
2756
95
3304
30
3239
2352
2900
3174
239
1126
2561
1948
3109
2222
174
448
1335
1609
2157
3318
2431
109
44
3253
2366
1140
3188
1688
1962
3123
188
1349
462
2171
3332
2445
1558
671
123
945
58
3267
2654
1767
1154
3202
1702
3137
202
1363
750
3072
137
1572
685
959
72
3281
2668
1781
894
7
3216
555
1716
2877
1990
3151
216
764
3086
151
86
3295
360
2682
908
21
3230
569
2891
2004
1117
230
3165
1665
2213
165
439
2487
100
3309
374
1535
2696
35
3244
2083
2905
1131
3179
2292
3114
2227
179
453
1340
2501
114
3323
2436
1549
662
2097
3258
49
3193
2306
3128
1080
1354
193
1902
128
1289
3337
2450
1563
1837
676
63
3272
2111
2659
1772
885
3207
1981
3142
207
1094
142
1303
1577
690
1851
3012
77
3286
2673
1786
899
12
3221
2882
1995
3156
221
495
2817
2204
156
704
3026
91
3300
913
26
3235
300
2622
2896
3170
1122
235
509
2831
3105
170
2218
444
1879
105
3314
2427
40
3249
314
1475
2636
2023
3184
1136
3119
2232
184
458
1345
119
3328
2441
1554
667
54
3263
1215
1489
1763
2037
3198
1424
3133
2246
1359
198
1020
133
2455
1568
681
68
1229
3277
2664
1777
890
3
3212
1438
825
1986
3147
212
1034
147
82
3291
1243
2678
1791
904
17
3226
2952
630
2887
839
3161
226
1113
2000
161
2209
435
2757
96
3305
644
2966
31
3240
2901
1127
240
3175
2562
1675
3110
2223
1336
449
1610
2771
175
110
3319
2432
45
3254
2367
3189
254
2576
1963
3124
189
1350
463
1624
2172
3333
2446
1559
672
124
59
3268
2381
2655
1768
3203
1155
1977
3138
203
1364
138
2186
1573
686
960
73
3282
2669
1782
895
8
1169
3217
1717
2878
1991
3152
217
1378
765
3087
152
974
87
3296
909
22
3231
570
1731
2892
2005
3166
231
1118
1666
779
3101
2214
166
440
101
3310
375
2697
36
3245
584
2906
1132
3180
3115
2228
1341
180
2502
454
115
3324
389
1550
2711
663
2437
2098
3259
50
3194
2307
3129
194
1355
2516
1903
129
3338
2451
1564
677
64
3273
2112
2660
1773
886
3208
2321
1982
3143
208
1095
1917
143
1304
1578
1852
2126
3287
78
2674
1787
900
13
3222
2883
1996
1109
222
3157
157
2205
1318
705
1866
3027
92
3301
914
27
3236
1462
2897
1123
236
3171
510
2832
3106
2219
171
445
719
3041
106
3315
2428
41
3250
315
2637
3185
1137
524
2846
3120
185
1346
459
120
3329
2442
1555
668
55
3264
329
1490
2651
1764
2038
3199
3134
2247
199
1360
134
2456
1569
682
69
1230
3278
1504
2665
1778
891
4
2052
3213
1439
1987
3148
2261
213
1035
148
83
1244
3292
2679
1792
905
18
3227
2888
2001
1114
227
3162
840
1049
2210
162
436
97
1258
3306
645
1806
2967
32
3241
2902
854
3176
1128
1676
3111
2224
176
450
1337
2772
111
3320
2433
659
2981
46
3255
3190
255
2577
3125
190
1351
464
1625
2786
125
3334
2447
1560
673
60
3269
2382
2656
1769
3204
269
2591
1978
3139
204
1639
139
2187
1574
687
74
3283
2396
2670
1783
896
9
1170
3218
2879
1992
3153
218
1379
1653
2201
153
975
88
3297
910
23
1184
3232
1732
2893
2006
1119
232
1393
3167
780
3102
167
2215
441
989
102
3311
37
3246
585
1746
2907
1133
3181
794
3116
181
2229
455
1342
1890
116
3325
390
1551
664
2712
2438
51
3260
599
2921
3195
3130
195
1356
2517
130
3339
2452
404
678
2726
1565
65
3274
2661
1774
887
